7777777777777777777777777777773999999999999999999993777777777777777777777777777777
7777777777777777777777777777779999999999939999999999777777777777777777777777777777
7777777777777777777777777777779999999999999999999999777777777777777777777777777777
7777777777777777777777777777773999999999999999999999777777777777777777777777777777
7777777777777777777777777777779999999999bb9999999993777777777777777777777777777777
7777777777777777777777777777773999999999779999999999777777777777777777777777777777
7777777777777777777777777777773999999993779999999999777777777777777777777777777777
7777777777777777777777777777779999999999779999999999777777777777777777777777777777
7777777777777777777777777777779999999993779999999999777777777777777777777777777777
7777777777777777777777777777779999999999779999999999777777777777777777777777777777
777777777777777777777777777777999999999977b999999999777777777777777777777777777777
7777777777777777777777777777779999999997777999999999777777777777777777777777777777
7777777777777777777777777777779999999997777999999999777777777777777777777777777777
7777777777777777777777777777779999999937777999999999777777777777777777777777777777
7777777777777777777777777777773999999997777999999999777777777777777777777777777777
7777777777777777777777777777773999999937777999999999777777777777777777777777777777
7777777777777777777777777777773999999997777999999999777777777777777777777777777777
7777777777777777777777777777773999999937777999999999777777777777777777777777777777
7777777777777777777777777777773999999997777999999999777777777777777777777777777777
7777777777777777777777777777773999999937777999999999b77777777777777777777777777777
7777777777777777777777777777779999999997777399999999b77777777777777777777777777777
7777777777777777777777777777779999999937777999999999977777777777777777777777777777
7777777777777777777777777777779999999997777b99999999377777777777777777777777777777
77777777777777777777777777777799999999b7777799999999377777777777777777777777777777
7777777777777777777777777777779999999977777739999999977777777777777777777777777777
77777777777777777777777777777b9999999977777739999999977777777777777777777777777777
7777777777777777777777777777799999999977777799999999977777777777777777777777777777
7777777777777777777777777777739999999977777739999999977777777777777777777777777777
7777777777777777777777777777739999999977777799999999377777777777777777777777777777
7777777777777777777777777777799999999377777799999999377777777777777777777777777777
7777777777777777777777777777799999999977777739999999377777777777777777777777777777
7777777777777777777777777777799999999977777799999999377777777777777777777777777777
7777777777777777777777777777799999999977777799999999977777777777777777777777777777
7777777777777777777777777777799999999977777799999999977777777777777777777777777777
7777777777777777777777777777799999999977777799999999977777777777777777777777777777
7777777777777777777777777777799999999977777739999999977777777777777777777777777777
7777777777777777777777777777799999999977777799999999977777777777777777777777777777
7777777777777777777777777777799999999377777739999999977777777777777777777777777777
7777777777777777777777777777799999999377777739999999977777777777777777777777777777
7777777777777777777777777777799999999377777799999999977777777777777777777777777777